track_idx,joy,calm,sadness,fear,energizing,dreamy
5,0.15211301565965066,0.1554185922848181,0.10697483871262221,0.2017603177332027,0.19696834329784313,0.18676489231186322
15,0.16226456299696979,0.03011831068437718,0.0021505599247816573,0.008668168270899567,0.42931187812258065,0.3674865200003911
36,0.2935499355290792,0.11536956047918416,0.0011145829114113557,0.0026804627248875573,0.29522029205295935,0.29206516630247836
38,0.005309437309057695,0.018578188799398963,0.3061130396849413,0.346906616734181,0.19528330422313833,0.12780941324928272
50,0.00307762391887045,0.01578005232040323,0.3405802643163283,0.17927327729767492,0.1928562579417162,0.2684325242050069
55,0.10783404844687648,0.019644373603386087,0.19398776025369935,0.20471867871774949,0.28087558278492614,0.19293955619336248
58,0.21209808729184773,0.08776372272209103,0.12124803783301366,0.11728146472995356,0.23126246785700155,0.2303462195660925
66,0.008102837850644208,0.020375609883884465,0.2612037020657227,0.24019994447835574,0.25403737933992515,0.2160805263814677
78,0.0023270530265857388,0.01814674591945937,0.4269842792805227,0.3336412962890338,0.11320755643572476,0.10569306904867373
81,0.005687788975606089,0.0020517782846065286,0.3068047275619857,0.21755655368600588,0.33651200040836216,0.13138715108343363
86,0.036512096155730166,0.01345609817358862,0.3153774813181917,0.25441675405068487,0.23565439675783142,0.1445831735439732
94,0.1060668307322824,0.12277603253567167,0.23446116701768163,0.14361673573591724,0.20108127254753289,0.19199796143091416
96,0.03941739631904584,0.030160210289762446,0.2274016803871715,0.25305403766179035,0.2708886337165754,0.17907804162565444
98,0.09071377542328639,0.07391109199918668,0.21791033088053458,0.21386644153674528,0.2143275365584248,0.1892708236018223
103,0.142157699329167,0.001235730024997291,0.19287251495538682,0.17994802230106274,0.2508081589834309,0.23297787440595527
106,0.01511375492601973,0.004205260556857736,0.27895289965664405,0.23954179968722453,0.26233314644870975,0.1998531387245442
118,0.06552616784856884,0.011984830209460135,0.31879814290941605,0.07019905045181182,0.27360858029240376,0.25988322828833926
126,0.16344341099499357,0.16558498820637604,0.14829660173145903,0.1641648364477748,0.20289103623718896,0.15561912638220754
134,0.09229164945955659,0.14885272112667355,0.09575918409060709,0.048769735228504446,0.3793876719936467,0.23493903810101155
136,0.12742713576456718,0.09809639544430199,0.1834858044690164,0.2470957373000788,0.19572952578724728,0.1481654012347883
139,0.005507056106747793,0.181266090215754,0.18433809088491038,0.2404661068123038,0.2304102836745875,0.15801237230569656
145,0.11904784561670452,0.10404914264620478,0.19636853006010727,0.19754060110160224,0.20206356161945355,0.18093031895592765
162,0.13818368910244383,0.041399023413538086,0.05199399921623654,0.09894288894386609,0.3859927382747268,0.2834876610491885
165,0.00807923401317407,0.18979850815735672,0.29764074925258804,0.028841478104424417,0.36404268210427293,0.11159734836818369
176,0.05277639235658606,0.0999652327569945,0.22852192643723024,0.21164277194394554,0.21836168093562208,0.18873199556962159
184,0.053088565803992044,0.17021185295601649,0.17513756753683343,0.06260551509501859,0.30613440477432063,0.23282209383381877
186,0.1802210112909218,0.039953813593185,0.11885166692380007,0.1537223481436339,0.2889168470652967,0.21833431298316258
192,0.30010712666545936,0.02018849649622859,0.006405533956337839,0.06441808878850827,0.42468722733973596,0.18419352675372996
199,0.03929764432998593,0.010685946388346393,0.3434404675768896,0.27748639232731004,0.2645012144448275,0.06458833493264046
232,0.0069181611316231455,0.008098221686503886,0.49134178526034256,0.34413050917665877,0.10113391035837854,0.048377412386493
236,0.001520124827266687,0.0030709202870914014,0.2690254949518226,0.2602267616335503,0.2688764783119023,0.19728021998836662
240,0.28374433361489,0.0014516755779307574,0.002854666744779058,0.00813683618303878,0.3882589923751154,0.31555349550424594
241,0.009098317575337227,0.004378810339418941,0.09371986329470589,0.2082794283250377,0.42532743919843574,0.25919614126706436
244,0.08218956442098323,0.06564964745576975,0.21130996044285252,0.23421735391773288,0.2242230628490668,0.1824104109135948
252,0.267757193979014,0.25735231960289245,0.0011568049298224961,0.0017263862583559242,0.25121029269687284,0.22079700253304227
254,0.03681438729866994,0.007002680421729422,0.16115875240739416,0.13073186650420754,0.47221299432862746,0.1920793190393715
257,0.0064885817494675264,0.024686112678667438,0.3350874235611549,0.1750423064669011,0.2326039521282076,0.2260916234156014
275,0.18572606342961667,0.12723408869191094,0.01687332223580319,0.07399487471140159,0.3791196797397684,0.21705197119149913
280,0.02231072699890639,0.022832640249682363,0.22628510749761185,0.1860093322482322,0.29052563902124934,0.25203655398431785
295,0.1721900244256319,0.2033723902750231,0.009050018653978321,0.00269693725902207,0.30570644247662165,0.3069841869097229
315,0.029525929113113865,0.004958821371682322,0.23774991808515047,0.20978671475979285,0.24814723646374723,0.2698313802065132
323,0.013473626291672782,0.019147760755234538,0.24964869660126854,0.2647610848777665,0.2302319205878989,0.22273691088615868
325,0.00036399986365435685,0.0009054135877877866,0.48562447803502795,0.48296382327574894,0.025202865093183716,0.004939420144597054
331,0.004006819942761706,0.4419622211162757,0.056523145534929944,0.42932969964312945,0.06032065427805907,0.007857459484844263
334,0.3016260933749934,0.09010720421717337,0.0005796241193078322,0.0004377275822326978,0.30401493615843156,0.3032344145478611
340,0.007913627397737436,0.00846229531932931,0.144964063353327,0.17708129039147252,0.3980409275049536,0.26353779603318006
359,0.21705108588329966,0.15457013259004024,0.07239561637227995,0.08057511364030984,0.24185032291351613,0.2335577286005542
367,0.0016862765287809225,0.006258491288067979,0.22833718877552883,0.09245855930248947,0.3787632184755151,0.29249626562961767
368,0.10570384875072517,0.09124517005601007,0.20252564065128695,0.21908221429848262,0.2222014223313702,0.159241703912125
370,0.1574289052183741,0.14140887816475659,0.17099677739369043,0.17434374486816998,0.17983869112245,0.17598300323255894
372,0.0012011600932118162,0.0021321974362775767,0.37822866856551207,0.36176064449407225,0.01487447377933621,0.24180285563159004
376,0.025631864334816946,0.005000239833859923,0.28926629421500627,0.1928442035131503,0.2978964923849665,0.1893609057182
377,0.04109244618712006,0.02173643106747431,0.3012238274896523,0.23659889700717396,0.20017311821133782,0.19917528003724153
385,0.018557510369310012,0.0007395912766927822,0.24513938624241094,0.22901551010812637,0.2651988925352558,0.241349109468204
401,0.06771930828446121,0.04748007213578272,0.20365451824520311,0.2414211295079561,0.23790916325948724,0.2018158085671096
412,0.0028374308000965473,0.0010248640096528967,0.30145400401390626,0.2286329901894037,0.31040965911458407,0.1556410518723565
413,0.10421261918125496,0.17755891615251623,0.15824987466537974,0.18032191334383713,0.20561178727974724,0.17404488937726467
422,0.15111380449812192,0.18630637845128822,0.1457817396255464,0.04549642808298381,0.25355379885008594,0.2177478504919737
423,0.2168310421921583,0.08186704628777275,0.11724352518897223,0.15128315563223724,0.2192509056318153,0.21352432506704425
440,0.0009668884293435358,0.0003129799593342868,0.0019732640272748523,0.6650022240422726,0.29418978300152093,0.03755486054025373
455,0.0030852667383179013,0.04072080659389948,0.35569586184155005,0.3389446175833123,0.167070452550344,0.09448299469257623
459,0.18592423232283425,0.10951260532296314,0.13305105013748666,0.170422077568574,0.2017829106815241,0.1993071239666179
471,0.02654429923227573,0.015759622690197015,0.2224075714176022,0.21028843131983782,0.33165338584294657,0.19334668949714068
475,0.05948070157800379,0.02395463186354162,0.21962669278776353,0.19760588751839253,0.28786112755409354,0.2114709586982051
477,0.0023460879068016895,0.0011058040802886698,0.28563804972308854,0.2862774679835189,0.25868389966613226,0.16594869064016993
480,0.016762019369185425,0.011944566615520704,0.32655289364585405,0.13707712661230467,0.2812050993380893,0.2264582944190457
493,0.1882985643873686,0.01347840650498378,0.0039508975983396895,0.011760020964303765,0.5135952440874997,0.26891686645750457
501,0.003053067095462916,0.003457293861025956,0.08571683249391522,0.09642786838288737,0.42378466988528574,0.3875602682814228
509,0.008245897606076595,0.04706268735755389,0.24849237988730297,0.23751221334897524,0.2540149566777739,0.2046718651223174
514,0.08691738859171197,0.0018338943341300238,0.00039644915428136134,0.000388026066337521,0.8781578931482511,0.03230634870528803
523,0.07672447671627941,0.11849774486273994,0.2235095893678227,0.19263845738765623,0.1960628178783904,0.19256691378711135
544,0.002087315563119941,0.0028256965622501643,0.3866138051220596,0.3767216078802004,0.17989133326386458,0.05186024160850521
569,0.016784552068458875,0.025746030074234663,0.2863811364013664,0.23368806244080448,0.25208976481566453,0.18531045419947098
612,0.17438331694947964,0.15211792920445935,0.15494780686088744,0.16643388991008143,0.1768299933903522,0.17528706368473992
624,0.0006805357628295131,0.0022909829891468096,0.30048727045104223,0.2690482331012493,0.16059910167937672,0.26689387601635545
626,0.033598966047134686,0.17465292739633032,0.1611677782408407,0.20094486122205604,0.25826656867386993,0.1713688984197683
629,0.013831249284763385,0.01246065512932747,0.2907894753942396,0.21128699390289524,0.33440222325745933,0.13722940303131487
630,0.016054353618719645,0.00779372558851008,0.18979874799092786,0.16257962583026148,0.36076920705104715,0.26300433992053374
631,0.03489638388170066,0.012915826952064006,0.22487970736802596,0.26813434978335166,0.2544997143569884,0.20467401765786927
637,0.002111443559404663,0.01431613693149738,0.47662501769256616,0.19043069544062483,0.20614266427800393,0.11037404209790302
654,0.02820728691459174,0.05377889682790736,0.3245984931157795,0.29626560948475283,0.21527377734574013,0.08187593631122853
655,0.1296775396831529,0.0831031261294457,0.14813153564411655,0.1924412821562377,0.27189205573244635,0.17475446065460076
656,0.15457140205936853,0.13611594492495305,0.010739635795341585,0.08576251028560625,0.3119313642351404,0.30087914269959015
657,0.20467831023091804,0.08691422523061844,0.06924191531254038,0.16859242766385227,0.2726556810394818,0.19791744052258906
665,0.01273528193679163,0.025366888631974494,0.028855369270658807,0.004338299061689281,0.40635648919446266,0.5223476719044232
666,0.017899865528395877,0.15916706769519356,0.2535399351498521,0.20238357089183756,0.23360351766252102,0.13340604307219983
669,0.31754354340289864,0.028338273276033027,0.0022657842063268097,0.0038993711412325725,0.3518173134871774,0.29613571448633147
697,0.005903261105523166,0.025462688752850675,0.22928895499788463,0.2898211947991883,0.21926766783754367,0.23025623250700958
698,0.15489562297923617,0.0338179938374003,0.07364592645248541,0.18212201073696516,0.3185027179382159,0.23701572805569704
707,0.1303059063164119,0.1710748486941426,0.17556119528101136,0.17644680231223456,0.18066886101685825,0.16594238637934133
717,0.047101756098788666,0.04068890247624679,0.26899591420070557,0.22133109394727252,0.22598050021788701,0.19590183305909936
731,0.016058127655902858,0.009061828507276224,0.2577237403922102,0.24571027505715404,0.25157573964830104,0.21987028873915562
732,0.03987921664700694,0.07020976912902495,0.15500699220287534,0.3172054413087515,0.2615441455495722,0.156154435162769
745,0.0009118040834550571,0.0019474579173424011,0.3523339006069609,0.31014040329530773,0.2158506113879865,0.11881582270894732
755,0.00227309000486584,0.013171749641539863,0.2804867433352043,0.21459706645994994,0.22856599096877017,0.26090535958966987
757,0.027057907019021925,0.004713461582205944,0.1535275727822073,0.3269868243355314,0.29360470562937796,0.19410952865165543
764,0.0884016598313258,0.15550689319593652,0.22941487836646382,0.14503594128196765,0.18056587123923915,0.20107475608506706
775,0.03324379221631393,0.04013904003313941,0.2403454341664638,0.25635178730613195,0.23930204579417744,0.1906179004837734
779,0.12210106259821739,0.049337824037673526,0.22065512812194357,0.1684483196654717,0.29760312471221384,0.14185454086448
784,0.16678383327600946,0.08443892052169112,0.0792034184110055,0.06564845454368316,0.3051654773351464,0.2987598959124643
808,0.037747352600257154,0.12005799518598866,0.07102802571656187,0.1224285194442321,0.31866031019604263,0.3300777968569175
809,0.0011225260232243135,0.003187053501356298,0.18341747831323954,0.20490719023523699,0.3153519110437116,0.29201384088323123
817,0.10396386850764457,0.004875154366733538,0.14653862051915126,0.2418196501498901,0.31668529077062235,0.18611741568595816
824,0.06838375412989624,0.06652995419375757,0.2395893542474768,0.1872366138328893,0.3068999873264818,0.13136033626949817
836,0.059161901081113355,0.020952080436288024,0.24279797848985557,0.22741668994458658,0.2629669030710262,0.18670444697713023
841,0.039617631936113555,0.01587175085282093,0.245382593289288,0.24294405946956407,0.2590348061075017,0.19714915834471175
849,0.0012507192045080227,0.0019096312878215446,0.45695311848880227,0.26205660154843285,0.005571051930220117,0.27225887754021527
854,0.014803165199653714,0.0036540773296879193,0.13630008600923224,0.04824451356475751,0.558148190481656,0.2388499674150127
876,0.044664763494462224,0.010061605957631345,0.0319493160447471,0.14665412876572617,0.5710337039773886,0.19563648176004442
878,0.0023440226919376503,0.0010130915014023598,0.2793731121036581,0.13574658710576923,0.32825854957148054,0.253264637025752
883,0.005880609355559924,0.3469757418300389,0.10920661595811545,0.10195987603578276,0.3609885019012207,0.07498865491928228
887,0.004530503522210603,0.009922741965679386,0.1652674780385594,0.10648346057950268,0.5822809828416607,0.13151483305238706
891,0.1750397104234194,0.14908708835401277,0.1553004264550645,0.14882562157122395,0.19261602351695553,0.17913112967932382
893,0.004665293347152936,0.00324512785162823,0.22143371690047545,0.1827489831333837,0.2857774829927816,0.3021293957745781
899,0.01866153968808501,0.1359233149448621,0.2773882123881657,0.09350817264180926,0.25486684231057255,0.21965191802650538
902,0.16163606769418515,0.16209799562681468,0.153140864805618,0.16233874224026862,0.18491761631504738,0.17586871331806617
905,0.2053059444497828,0.11610407872697089,0.029311121861423976,0.09930549149424597,0.308449557749619,0.24152380571795723
906,0.04125978754403535,0.1401537971034889,0.13904581600556404,0.22316180917067654,0.2780123234444997,0.1783664667317354
916,0.1735030969813275,0.15107920858483334,0.171125202010036,0.15901860394999856,0.17396725062323948,0.17130663785056516
937,0.08495007776427013,0.08159476293789852,0.21753792996773816,0.18773991230294704,0.2096522990470136,0.21852501798013255
950,0.0011198136940175213,0.0016380318255110788,0.6777551979773394,0.19203112523093258,0.011086466138562637,0.11636936513363672
955,0.07495257517601904,0.07539695573822196,0.24235188896318136,0.23552154652579846,0.15243318423837388,0.21934384935840526
973,0.0008076538621603706,0.0008698049253026394,0.4045100588218313,0.10434186731879838,0.4712353146285403,0.01823530044336688
985,0.053123002412709903,0.1281411469173031,0.19434913540475088,0.2847432633068481,0.1839298747429491,0.15571357721543883
989,0.09236077955944533,0.0010877337368684738,0.20766592385576588,0.20531718189342665,0.2627447352858861,0.23082364566860752
1006,0.03326683030050273,0.06332328700700784,0.24168259698266348,0.15554554236743484,0.32191246282379177,0.18426928051859925
1011,0.21703448915337745,0.02663067230030231,0.04937478908027016,0.15222512323427617,0.2925569997631623,0.26217792646861166
1017,0.03471930312928356,0.023806752072894594,0.34357288369611316,0.28210329199467765,0.2519747361538444,0.06382303295318657
1023,0.09009527227634434,0.008087315327207984,0.08914991070225753,0.15697371442426483,0.4092634885109786,0.2464302987589467
1042,0.0034006148975943102,0.13359180678308372,0.26830732659973633,0.2842283600460476,0.16672891017518038,0.14374298149835765
1065,0.2391481108334426,0.12065691189081239,0.04292049509276156,0.12064109542757007,0.252825411023635,0.2238079757317784
1068,0.03136381216815602,0.11084604070131668,0.20468176021262333,0.1665442358605245,0.35101200334346944,0.13555214771390997
1072,0.030677510084565793,0.05700578839038298,0.21319030074351392,0.21921125383666493,0.22345292760372942,0.25646221934114294
1096,0.0050043807656666136,0.05062637303089804,0.29856160106079976,0.306125653408461,0.21514636509936078,0.12453562663481378
1098,0.010783752049562839,0.013808306677083592,0.3005953880169479,0.31743470886534925,0.23174525230962903,0.12563259208142735
1106,0.0024801380405592753,0.008950413498634888,0.31786940941141956,0.23025583814208292,0.30390492971990374,0.13653927118739959
1107,0.1228383313003105,0.00450197403535638,0.12767532410623397,0.21653000203674067,0.23299404951869668,0.29546031900266173
1125,0.0430372596806976,0.050067693436485684,0.2448541343895382,0.2560538147814423,0.22607826316816806,0.17990883454366813
1128,0.11116079517526263,0.14112939465690238,0.22843362987556054,0.21929663668642219,0.14680481481170704,0.1531747287941452
1132,0.13391068614922058,0.027582667645932816,0.1337074887152355,0.20741890988565476,0.2697632364498419,0.22761701115411442
1149,0.06180600236076964,0.04570657750795635,0.18250984015747235,0.1813561497085695,0.30775064170242666,0.2208707885628055
1157,0.005194110204400129,0.03282371943249096,0.29954298922540196,0.20420687936555593,0.23464274713281555,0.22358955463933547
1174,0.04238895053934627,0.11877265396539655,0.2385185551162928,0.2109576664677816,0.268287543797331,0.12107463011385175
1177,0.0011099202547046546,0.0022547149419494443,0.2087059585970312,0.34173433592254615,0.30584046782358837,0.1403546024601801
1192,0.060586891145229645,0.013430302439451461,0.07890121100350832,0.32566747060229234,0.33645469376097775,0.18495943104854043
1207,0.002064210081230295,0.031044233820582006,0.35589934906767223,0.32997983278864884,0.13606617874697838,0.1449461954948882
1215,0.12645306432588502,0.05129071714194731,0.15469035630901676,0.22038757964894876,0.25146061136238945,0.19571767121181272
1241,0.0317710013699292,0.20295920756754218,0.017211768542700578,0.011950848961010887,0.4380012915314993,0.29810588202731775
1256,0.14788560074046886,0.1782456452244805,0.11895546640463381,0.16666012025386048,0.2150525952030854,0.173200572173471
1260,0.030276251445505296,0.1133565099471576,0.1500644365766818,0.13938810227478007,0.3257829935958349,0.24113170616004032
1261,0.0015321845362462113,0.0033316498328213543,0.24489567331164055,0.27804181850240056,0.3097552712089929,0.16244340260789844
1263,0.005995603967845704,0.03554981369570579,0.2521945031491722,0.22781306598679957,0.27940637769231214,0.19904063550816462
1272,0.19090696787425404,0.12771955820315478,0.1463841745625369,0.15244666241704427,0.2016285344683645,0.1809141024746455
1286,0.20043723170829486,0.16501308670018655,0.0967293012204774,0.13873681005531716,0.20661690813824957,0.19246666217747452
1287,0.01002977217621491,0.005590712540391305,0.3031096097307379,0.21803765879994638,0.25990587885799127,0.20332636789471817
1290,0.018242681305517587,0.001026960309138555,0.04306323113066618,0.26343480844396905,0.502916309388892,0.1713160094218167
1291,0.048581379169990946,0.006002795622448219,0.23186763623668394,0.15326160419411533,0.26938361928576454,0.29090296549099703
1293,0.20459614273410215,0.12695458731424014,0.13822326293641682,0.11563187273953303,0.2075290573203384,0.20706507695536944
1304,0.019822653708591813,0.0011098871944228749,0.006186175938158066,0.09163377365715855,0.44350691020216276,0.43774059929950593
1310,0.15238024691018992,0.034568571781474544,0.14999701139436764,0.23630081066750006,0.2315993560513682,0.1951540031950996
1321,0.000581404747252729,0.008035856187852327,0.4814962912676344,0.2603431727983838,0.16762803346285493,0.08191524153602182
1355,0.011060425395939183,0.014538779561440597,0.2830841799624258,0.1430812303794617,0.20643987736961458,0.3417955073311181
1366,0.1957225946528471,0.02196407134027478,0.1403440327897431,0.07425545075991695,0.32618304172807805,0.24153080872913993
1375,0.09314974699302449,0.04558717925265279,0.23141841495976403,0.24233389901639232,0.22705664751535998,0.16045411226280631
1384,0.0010939251726820613,0.0015618899316525911,0.3123753189349012,0.3582477485749838,0.22547170988423507,0.10124940750154515
1385,0.031069374794766486,0.08409824257758805,0.22340244467628767,0.22174827623270094,0.20244496672471982,0.23723669499393704
1388,0.2025708157787941,0.08015948885487756,0.05795465891349397,0.045441715985924794,0.36225201299713106,0.25162130746977845
1439,0.04546856712766658,0.009362025980269239,0.1195067696476269,0.23424493634774526,0.405162791916913,0.18625490897977906
1443,0.0016148851277001872,0.0033707931165509694,0.30540010091900155,0.31051544264063485,0.1626154792308092,0.21648329896530316
1461,0.019144790041620924,0.010760720089708391,0.015339835411150556,0.36387987726546717,0.38973169513616923,0.20114308205588372
1462,0.0007896072644555083,0.0009354163854852941,0.2884833125326173,0.26638861481648374,0.19881075811329987,0.24459229088765833
1467,0.3296495451436261,0.0007899605901563743,0.00016077703339510645,0.00238467540611651,0.33848577907391497,0.3285292627527909
1473,0.025520853999097263,0.009285623794303966,0.37744480074722153,0.2145022111190912,0.23356643919191022,0.13968007114837572
1481,0.17674107952436785,0.17167350771856443,0.08607006394322639,0.17854951985371173,0.21682952877378683,0.17013630018634274
1511,0.07731129452639626,0.0020192158876877957,0.26834847017356495,0.10377542767462382,0.3580576641215065,0.19048792761622055
1518,0.0016054802134394825,0.00046269951620114916,0.17095823889224285,0.19908686457359176,0.48113274111758475,0.14675397568693996
1529,0.11907401188219469,0.0012087725766161358,0.06293032606656783,0.0033252786690295944,0.4498775937289168,0.3635840170766749
1534,0.0005226569647514657,0.0031086923729855298,0.25897017355259533,0.32942215541574127,0.26505633797959766,0.1429199837143287
1538,0.1138919120549892,0.0290389676077533,0.1578984577569386,0.1341183643652553,0.35871303111635316,0.20633926709871056
1542,0.03133524148694807,0.026648387912416714,0.002268235134598167,0.005091021536030897,0.5823767533641161,0.35228036056589
1560,0.0019702727598900124,0.0018623535043031767,0.20719820035697978,0.21557678362161176,0.30662216608054654,0.2667702236766687
1571,0.0019525667065379906,0.006111493092530526,0.3835453199396731,0.324579920444533,0.16244089896403616,0.12136980085268911
1577,0.08402198395475363,0.1548418740538906,0.17442676888075045,0.1615718138342807,0.23155969634236778,0.19357786293395682
1579,0.16781608919820215,0.06342399148447095,0.1234773268451639,0.16389802471459367,0.26414308090353905,0.21724148685403025
1587,0.01631263062158032,0.01742721357873029,0.1915332558125344,0.13654566012539673,0.4385368533184776,0.19964438654328073
1589,0.0013197442789244587,0.009802357447935407,0.3396229977958434,0.2662892264488714,0.16168314550633084,0.22128252852209468
1612,0.008590855295821705,0.06723044023275795,0.26243357410846585,0.24944936498436263,0.25289443227773667,0.15940133310085516
1618,0.01172652322309308,0.005085363583142812,0.24424574491444057,0.16421091885888264,0.30990824611044576,0.2648232033099951
1619,0.19633617729246264,0.04127500204493233,0.20191815350434583,0.16892200414228814,0.22063663591614768,0.17091202709982334
1623,0.0030241514232112452,0.003927492367959722,0.28598539437071274,0.16506289913234173,0.32375306542715543,0.21824699727861907
1655,0.02366361122418274,0.002137689891533652,0.26368218919040826,0.22665065718603083,0.2211220897026521,0.2627437628051924
1657,0.016675473740394662,0.029623474687770168,0.3090490430113973,0.2450317420590547,0.26967107712126925,0.12994918938011396
1673,0.0009708273248114011,0.0021124615480943797,0.21865442969198276,0.125595473871211,0.2874498856859095,0.36521692187799104
1679,0.014632637279560245,0.018444874611644235,0.29813770796293354,0.24222850001723753,0.3012774626224042,0.12527881750622033
1682,0.0015973225498069354,0.0022627241370693175,0.4215457828020312,0.3426995983366979,0.10108587351144672,0.13080869866294784
1683,0.0038054069352476128,0.01755484885888597,0.10810093760136837,0.0885478977985983,0.5936329029052199,0.18835800590067991
1694,0.00043534791791728053,0.0007159099353444738,0.3972057164695264,0.36698511029557496,0.17288102488668472,0.0617768904949522
1695,0.05209079562133129,0.12665780047306924,0.22104929888043368,0.1659267938134851,0.21843967166071346,0.2158356395509672
1699,0.00031412424933465545,0.0011736968535265846,0.38445659311883085,0.3742380570628676,0.14603477856566285,0.09378275014977738
1700,0.13138333561891213,0.007863292628858123,0.17146074495218527,0.18720666520566032,0.2966346581171046,0.20545130347727952
1701,0.041560691343985656,0.09570584024338864,0.2014775892665324,0.22925798647818854,0.22286028735854518,0.20913760530935954
1706,0.02099188115670298,0.004902894617208602,0.0927712798008779,0.10985727709221378,0.42112405406218745,0.35035261327080924
1710,0.26714799516720317,0.05447134202843237,0.00555757520556826,0.06762774740443495,0.37725447881073365,0.22794086138362754
1713,0.027819129105712943,0.020480315229220804,0.5105826165316582,0.14887668491078196,0.1825456511244462,0.1096956030981799
1746,0.0005375489919732168,0.0018891301699116838,0.3993347848169737,0.44110396812234287,0.05026921899618396,0.10686534890261445
1752,0.015805174421840307,0.05977615500750286,0.026640603222795527,0.04982043447945556,0.43344444118884246,0.4145131916795633
1756,0.05545553969804488,0.013681460354149947,0.19876464386079193,0.18120927730650083,0.3115171426924825,0.23937193608802995
1761,0.049013725811012224,0.0340056877467953,0.23695975957408671,0.2794399913241382,0.28364074270048084,0.11694009284348661
1764,0.17464442076154643,0.016696955161954737,0.021350054773674885,0.09785214102247859,0.4098611416557041,0.2795952866246413
1774,0.06292077419999421,0.002824151626237318,0.11844350946166964,0.1631059118529623,0.35493449915776837,0.2977711537013682
1801,0.1091977971484122,0.19628647447377806,0.11970993336869307,0.1676482122312423,0.21653402204117478,0.19062356073669956
1804,0.1267610091340221,0.11209359414131496,0.1911899224413487,0.1863785841020226,0.20057745828905368,0.18299943189223794
1817,0.09017914224096717,0.01054485818260162,0.20500063023772452,0.18242886492520854,0.258230863086649,0.2536156413268491
1821,0.3351351848897233,0.004635505575537354,0.00020847095339817927,0.0007793822372205674,0.35464873238683403,0.3045927239572865
1828,0.0857129222735719,0.00298919076314099,0.2033040195664634,0.1826296307619036,0.2726270249853745,0.2527372116495456
1832,0.006874596692201995,0.0036227716918811824,0.2139866607169045,0.32716774706077806,0.36908598023128014,0.0792622436069541
1841,0.05082826360363998,0.0371564746168229,0.20933616267105018,0.21552082793179353,0.36966460324236916,0.11749366793432428
1857,0.08127711699368878,0.014781386215838955,0.21055258962403933,0.22617704550572296,0.24126931030540336,0.2259425513553066
1866,0.03550226438416337,0.032505574601042767,0.220130885468655,0.20500609233268338,0.2750424920207618,0.23181269119269363
1870,0.2518006031075317,0.05997617141074641,0.0012459156912245624,0.09591620229337547,0.3296520446041213,0.26140906289300064
1879,0.0019649036238676915,0.0021735472716875788,0.2641817945943072,0.2217217266205722,0.20197974242339975,0.30797828546616557
1885,0.17864573090902985,0.07529600906339232,0.10697741872593021,0.07382037509915435,0.29342948297903526,0.271830983223458
1896,0.08660963063222933,0.007562857491812066,0.26908265791214975,0.17371956174170977,0.26043036650655504,0.202594925715544
1898,0.0004374415042827995,0.0012882977508811004,0.35714615191486077,0.23693865342762754,0.09198632110373628,0.3122031342986115
1901,0.16015875641933366,0.03380826444073299,0.044848385545899115,0.19351086150283456,0.3459318699099486,0.221741862181251
1902,0.019795521080692442,0.007339263969118564,0.22982758681710075,0.2157442190949609,0.34042990223216685,0.1868635068059605
1913,0.010502631743784893,0.022700225642619126,0.244937207807395,0.2525524872527242,0.22055262529864772,0.24875482225482903
1932,0.03455245094598829,0.004264012648129337,0.17424635988229384,0.17045275909019045,0.3902757416734944,0.22620867575990378
1951,0.05897630674370784,0.0019903578822776254,0.21426204152314443,0.2885966516817724,0.21763865645563266,0.21853598571346503
1959,0.048182737823758474,0.02541057389075992,0.14576995971727372,0.22228569444941382,0.3792769931321601,0.1790740409866339
1964,0.02270539712869946,0.10147496657668068,0.2344918752832958,0.25308185435390873,0.24260076957734167,0.1456451370800736
1972,0.003484047535980838,0.015408652538533695,0.33187115771544995,0.2588065819309697,0.21686627811839343,0.1735632821606723
1973,0.06591992251731325,0.1510705337868773,0.20098329021171885,0.2065600034557584,0.23624548478512775,0.13922076524320445
1975,0.14061272122574572,0.14360438826285699,0.17968941378345074,0.16227791042014791,0.195921466648602,0.17789409965919661
2000,0.0783524471979566,0.020281331042344662,0.18390757682459974,0.21882163644329722,0.3188729780531878,0.17976403043861391
2007,0.014252452702166534,0.07781758521962846,0.3038215149396149,0.2892612332427793,0.21661397882985203,0.09823323506595869
2016,0.15800040879855584,0.16444569626394412,0.16765990324352323,0.17212978295978607,0.17180987483978774,0.165954333894403
2021,0.27214398675301366,0.10342956773661573,0.06062897312549128,0.005466103851022666,0.2931988297785221,0.26513253875533466
2025,0.13081981551038913,0.10422798494888039,0.19747883410017392,0.1845436767621069,0.18803125844899116,0.1948984302294585
2027,0.005430574034224446,0.027897786149138026,0.28236565174730344,0.24471881732962175,0.24912350003238626,0.19046367070732606
2040,0.09485614401566254,0.0035180488682380563,0.04116697852962964,0.03996634075247476,0.4475251383418414,0.3729673494921537
2043,0.09873223621175524,0.04885634588306028,0.08398474683495369,0.1838626234023878,0.2650225121754794,0.3195415354923636
2052,0.0983833038305055,0.11245775637514119,0.19327929452005313,0.1868241403284324,0.2029183356925605,0.20613716925330727
2060,0.15944072861705025,0.1682502601503225,0.1652275284106252,0.15811939707164527,0.1819395656012156,0.16702252014914118
2067,0.015229801428389693,0.0658825833930933,0.027310748095490618,0.06664318775093994,0.6714617698289108,0.1534719095031757
2073,0.07149154977822895,0.06868875243455305,0.22096993056371336,0.19888288515808114,0.22666620851118185,0.2133006735542416
2089,0.001660956680515361,0.0041235219987644945,0.27689007655529235,0.15268902805060555,0.09742208881149145,0.4672143279033308
2097,0.17068631448065213,0.12152997579848741,0.13599781443061446,0.18107097404893782,0.20784441783633134,0.1828705034049768
2101,0.15831522475804022,0.15052122506558918,0.15987060687667273,0.1830818245944974,0.19942453999865398,0.1487865787065465
2103,0.03956225453344573,0.001965646563293922,0.006380627468219833,0.008364681711168429,0.45722063488290804,0.4865061548409641
2105,0.10928179433668683,0.04654208943052952,0.13158813864941304,0.16513768461654352,0.27637923950528204,0.27107105346154503
2107,0.009531749043949303,0.04310121796464906,0.25930464780902013,0.23976469579934778,0.25428184844812207,0.19401584093491156
2109,0.14766924454715136,0.14578322811567265,0.17639267452487892,0.18374780731985807,0.18568568017931866,0.16072136531312037
2112,0.028043963579144456,0.026947871814805284,0.1329522935033387,0.2344267743842663,0.34963681138744346,0.22799228533100177
2114,0.004336493024929759,0.030415689576526652,0.37625807728223687,0.18853494976053517,0.2684411054066257,0.13201368494914584
2125,0.14556166184973313,0.13833138516485127,0.16630850762090893,0.1849084007065045,0.19589295975067886,0.16899708490732335
2130,0.13918870317891352,0.030254333625469285,0.0856028876207537,0.14580032115793798,0.3511832192281925,0.247970535188733
2133,0.008661909978953308,0.002413929819188963,0.011576362445088516,0.13350783078320286,0.4984876859870613,0.345352280986505
2149,0.0036161518049599092,0.19976515947762982,0.2133529693952518,0.17175295979570512,0.19958741303313934,0.21192534649331396
2155,0.15126975928276787,0.1702255239836981,0.16482154606899332,0.17004271628804227,0.17270652442088424,0.1709339299556142
2174,0.0749648383067761,0.07251373108916512,0.21694736828165054,0.2658342714934992,0.2100629441161536,0.1596768467127554
2180,0.0005384110584006566,0.001570044079104591,0.4223330440814541,0.18387321151409722,0.32056921170200964,0.07111607756493377
2185,0.26476846979320434,0.030157203495012656,0.015020482127734299,0.10377953406358015,0.3387458290986906,0.24752848142177797
2204,0.02377211080459394,0.009563907378869781,0.15608704641713178,0.28706005253901196,0.3490807551024249,0.17443612775796755
2213,0.002375857924808243,0.005848997757991041,0.381220869731069,0.39800988227023437,0.15353127763616564,0.05901311467973161
2223,0.008211398559119528,0.004684238524012678,0.2631925567150482,0.2679401042817682,0.41842228162796113,0.037549420292090255
2245,0.10379969002095259,0.07842483238900542,0.1598057982136217,0.22872902344149582,0.2848197441369581,0.14442091179796634
2249,0.16978427960518166,0.06609606195020475,0.036392249332407985,0.14556241898307357,0.37131504905269364,0.21084994107643837
2268,0.0005482340745159351,0.002337343245846801,0.41673954221751225,0.3086555923045305,0.22399449352527087,0.04772479463232352
2271,0.05129028860174363,0.11240825937676799,0.40827896066562425,0.09871839075778148,0.21177480728673764,0.11752929331134507
2272,0.100362198808129,0.05190257583421676,0.06378927923280772,0.23380545600790376,0.30242408752096445,0.24771640259597835
2285,0.17254394250362873,0.07903395041343028,0.13458302762210042,0.14870465521034407,0.3148513038735856,0.1502831203769108
2301,0.001341053837711729,0.0009595008570361193,0.18595462620146297,0.31720392423421306,0.23653417206973004,0.258006722799846
2307,0.11455808302360332,0.04938746231396255,0.050121502576209544,0.0837540344664401,0.5041887731499946,0.19799014446979
2319,0.000813834291229399,0.0012066107601049775,0.19517669624728556,0.33147067716227707,0.31289795768275397,0.15843422385634898
2328,0.0013073248669129703,0.0009890972052943874,0.2717641281072112,0.05426519028385796,0.3674512310297348,0.3042230285069886
2333,0.008236652813326008,0.0407142207902928,0.31430941659806966,0.3728556034827524,0.17331188619981466,0.09057222011574437
2342,0.1537252086871042,0.15066953885493425,0.07135770362862766,0.08584035747940448,0.2189580536980823,0.3194491376518472
2343,0.11056188209938927,0.15820008240881964,0.22122521255837765,0.17642835332573314,0.18321472340641282,0.15036974620126747
2357,0.028015314257749804,0.022151795452720037,0.10628144297500315,0.17091036051667022,0.41881569095723925,0.2538253958406175
2360,0.05178704019700089,0.05702059299183419,0.12528588009379119,0.16581477036250206,0.260262877653555,0.33982883870131664
2371,0.00032923198474215103,0.0007283238998671504,0.2940028999954648,0.41774339476926103,0.17593550101326194,0.11126064833740282
2382,0.2258310941294919,0.14022916033764854,0.053533213179127265,0.12560513240450843,0.24993215009401776,0.2048692498552061
2389,0.15513986743874175,0.16656580498480478,0.17590374608115408,0.15084238321636045,0.1760720110365963,0.17547618724234262
2402,0.16489026090055497,0.15050977138564578,0.16448358383221667,0.13087008472879583,0.191888778445007,0.19735752070777973
2421,0.1599196384757428,0.061793632698784885,0.13560833161494124,0.20051912655697396,0.2583261919234911,0.18383307873006596
2428,0.05600499602312102,0.010187776263191707,0.20947022639722315,0.21074023829239735,0.42388556692134094,0.08971119610272582
2430,0.27904864725608275,0.11130408181750699,0.003101907622014891,0.021825062501059523,0.30825537482674586,0.2764649259765899
2447,0.02349346613495334,0.007808192284446841,0.12036919338303445,0.11891793302264372,0.6679188699017371,0.061492345273184514
2448,0.11273735658102539,0.10742085125521296,0.16427075247357553,0.201630743743483,0.20690177636393461,0.20703851958276848
2452,0.037551185502863293,0.015245571035371313,0.25398900184879825,0.20964888822003389,0.2264433444828772,0.257122008910056
2455,0.004009650833208597,0.008091215285212236,0.3665166291470325,0.16258989478854716,0.25135824728551215,0.20743436266048743
2457,0.001899158839080409,0.004923434597658932,0.3026560853154287,0.2774395743723249,0.1767193425975974,0.23636240427790958
2464,0.0008931144771167802,0.002022229849835543,0.4234709932514298,0.28227330362071906,0.2142702993429691,0.07707005945792977
2468,0.005663932587516945,0.09208507164000608,0.15114153737753533,0.2110107875545318,0.36798364989413207,0.1721150209462777
2486,0.011857675316278325,0.1497020655486454,0.2704034485040491,0.24014582079957814,0.20456881634932686,0.12332217348212213
2522,0.013850394593615993,0.04869846984551148,0.2601519415700835,0.25610895623075647,0.20702878658882728,0.21416145117120527
2525,0.037546503957929085,0.09547992074206166,0.2263896718580473,0.19056286520371551,0.24101876835333247,0.20900226988491397
2529,0.08762287174095551,0.048601993824950056,0.14971366853904894,0.0022525414597654512,0.2583697884561426,0.45343913597913754
2536,0.004120788058913234,0.0068217220320038715,0.267076760440744,0.4038880437894979,0.17452752073821293,0.14356516494062802
2560,0.05949982984367902,0.14132037412458193,0.14483202230240885,0.20553931854251875,0.24410280873121978,0.20470564645559167
2595,0.11488267723852322,0.002213860555553627,0.00024905905763851217,0.0003331492243925151,0.6992769674007677,0.18304428652312446
2600,0.02027987629163843,0.007051339563456536,0.25909182337464737,0.2587400403019592,0.20803599771234785,0.2468009227559506
2601,0.18986042622588586,0.03697590733142678,0.0904570326936552,0.1416154857123119,0.3161373978678005,0.22495375016891977
2613,0.003598726988554962,0.06318263690874643,0.4162882573726415,0.12861416118898233,0.2740644638515216,0.11425175368955302
2615,0.0005201602282860913,0.0009500302673811068,0.13409939134599802,0.3329022137749282,0.20358383952372716,0.3279443648596794
2616,0.03449546886196116,0.016468940189143133,0.1854519314739858,0.15818152266834154,0.34481235388648174,0.26058978292008655
2621,0.27897069917635375,0.013890282221462855,0.006889763239378534,0.09413303745354114,0.30706793816291755,0.29904827974634607
2627,0.0005581005908115226,0.004264921509850082,0.4659720510328368,0.25702834101271194,0.1463629090894809,0.12581367676430874
2630,0.08409617451681219,0.017557148341979304,0.05480089716226514,0.14989496142219147,0.3456988484569144,0.34795197009983747
2642,0.043362734050216095,0.008293404190789075,0.19246158103853603,0.29382949594746427,0.2780701292450516,0.183982655527943
2646,0.03101231335974136,0.04847611128728688,0.29044286927402563,0.2553835115456329,0.23831592940461688,0.13636926512869632
2657,0.1382667903327309,0.05206553585967048,0.22908411214726618,0.1798943121018715,0.2078782628274619,0.19281098673099903
2658,0.16489906706557889,0.020961448442909758,0.07945220413662242,0.1681818312031898,0.3218975397883777,0.2446079093633214
2660,0.08783859605196,0.14767089893040797,0.1765421359232521,0.1353280222411516,0.2688311173040219,0.1837892295492064
2664,0.23310408898589496,0.17452156147174744,0.01451198675420778,0.14842390972954436,0.22977490080409216,0.1996635522545133
2690,0.05561031511277818,0.039276949755362674,0.2214575929935008,0.19798031290197268,0.3597234534203949,0.1259513758159907
2706,0.0064597817152281176,0.003363645766301701,0.2811458476773461,0.29773716374786435,0.23591193072818495,0.17538163036507473
2710,0.03465580621341886,0.017107126561081376,0.2447458946211071,0.2544305371810974,0.25811816947860927,0.1909424659446859
2716,0.06507658205141996,0.0530876187444715,0.24702794158188862,0.2536428132052554,0.2455549979720004,0.13561004644496408
2717,0.06331399647285474,0.020530580116600645,0.18333878571260284,0.2085505969453247,0.32091370053593343,0.2033523402166836
